43.483093
46.26042
32.21945
12.466681
21.145706
42.493942
39.7694
25.320492
29.085777
24.300589
3.457242
19.15055
25.998589
8.270993
12.51936
26.056425
10.199272
25.23334
11.226784
32.843025
21.669888
14.233397
7.9028835
31.066723
15.659754
19.02077
7.1666
1.6985865
20.846039
10.237603
11.86412
24.596579
7.1918736
4.7636805
8.346885
4.518429
29.114258
7.8571987
21.064762
10.008486
1.713685
9.316274
7.0099497
20.989464
11.1969795
6.9294157
5.231161
19.57989
7.1835194
7.66021
6.2354302
9.438957
7.0091867
2.6650944
7.151742
19.877882
5.662075
12.308559
13.50432
23.057653
28.721468
10.938529
15.006138
8.313377
12.949746
32.855225
6.6326923
12.912954
14.511003
3.6132717
14.366871
16.535154
28.2094
17.224987
31.405947
24.338688
4.481952
12.854521
6.0486126
27.759434
2.57726
4.6959534
12.07559
7.6140523
4.4388447
15.117598
9.119306
11.237046
13.655393
8.030933
33.805096
33.805096
19.711685
4.9230604
20.927189
3.5735283
3.5676994
16.580235
29.088634
9.825564
12.064802
5.9715242
19.199118
6.435329
5.7586346
5.182362
10.999663
6.890633
8.406103
16.879433
8.381886
6.2260475
11.815289
15.335553
11.623924
4.481989
7.318022
5.6086626
16.763165
14.526311
18.88715
12.407881
12.759643
17.030859
13.956828
6.073863
21.751534
27.777111
34.61438
23.374277
3.3943825
28.031147
17.287119
5.4641037
15.780867
24.319616
20.895882
15.057276
21.12763
14.786057
15.183273
19.617512
9.11073
16.264425
2.5530148
15.298723
17.680037
9.265896
15.538257
10.780762
11.978269
2.4217863
8.508358
12.553567
2.6816025
10.335127
15.34006
12.1931
11.067551
18.896872
16.043087
3.3434267
30.378616
30.378616
2.0174704
17.946156
7.404534
10.415561
16.211369
20.288574
11.914325
7.277353
3.085948
21.300499
34.18739
10.981467
24.09094
14.775152
2.921383
6.710718
31.589336
2.6937704
4.00352
36.932022
15.546591
21.360863
16.394533
7.460772
7.6334925
2.2560377
10.722357
8.049452
2.0563927
13.41131
3.0929537
1.3939457
12.1901865
21.79274
4.59657
4.655589
17.652262
23.785782
11.154644
9.571367
6.0965786
17.00504
8.509746
10.089278
4.237897
16.144123
23.46205
10.8934765
9.092623
31.72016
14.462037
11.721733
20.865654
12.932338
17.423199
29.356817
29.356817
21.166225
21.522732
10.582486
6.007195
5.6849627
3.749649
4.656967
35.086723
14.541318
15.226119
35.523438
9.490034
3.0301208
13.604538
16.064833
19.967705
13.806029
37.01781
9.335886
13.859627
14.765903
11.531248
19.38124
12.018277
29.578724
22.28989
13.885289
9.721111
13.949049
10.599998
8.533854
15.488896
19.213537
15.383025
10.756527
1.8218746
12.247913
25.764835
9.963422
1.4824257
1.145071
20.743557
31.328936
4.7298803
2.4997387
7.372056
26.260378
29.362974
25.701056
19.472828
10.563486
18.856903
16.321592
5.797904
22.610048
15.322873
9.2737875
17.994102
18.932558
30.64932
11.01387
5.5809665
20.456
15.18049
4.3485756
13.665751
30.907406
4.2566776
9.394701
1.4466124
3.9456434
1.3988533
2.061078
3.9598827
27.748192
11.940832
11.003341
24.371365
14.247521
8.626786
20.215994
19.463224
11.232875
3.6112642
33.78543
11.110542
31.608404
24.609226
30.041042
4.5135937
25.109278
13.249229
3.023797
2.0621834
2.164672
1.6682701
28.197739
7.1452866
18.961302
29.790607
15.705989
24.199846
28.122519
4.0520716
20.533033
5.776911
31.993015
15.777516
16.5717
11.263531
14.249218
21.154613
4.0915613
8.744565
7.377911
6.0225735
15.397682
11.115059
26.435198
7.3615685
3.78728
18.443888
13.777373
5.418913
5.3409004
19.49358
22.868183
18.217058
27.21012
16.276009
9.254473
23.85294
11.814417
33.074387
10.706215
13.497321
15.4698715
15.999787
4.157806
8.234485
18.143133
9.103616
21.34458
5.023639
3.4357004
11.819076
18.088814
20.35963
13.599903
6.5762463
20.36707
13.4775505
17.601357
7.1091795
1.185751
30.258835
13.7201
4.842126
30.07738
6.466914
4.43182
33.50874
13.387537
4.5120296
8.732278
11.295419
1.1067095
13.995008
14.026621
8.590208
4.929845
30.40819
18.402811
3.757144
16.802975
10.646091
6.35633
20.313633
21.6174
11.428391
27.69568
6.1766157
18.374416
13.540643
2.8267374
7.2619057
8.565901
10.340064
15.830566
21.458902
14.07394
10.748722
5.1588936
5.1473637
9.807526
22.834234
4.219365
15.648008
1.3536434
5.5293875
16.89225
7.323449
4.9978294
3.3571372
19.87048
18.881676
18.47305
2.8453207
2.8858042
35.90024
4.4994397
6.61162
6.598963
6.538495
16.136227
14.7333975
32.82887
19.776142
13.713354
7.307088
3.8616867
10.753823
18.459414
28.409855
7.2724805
2.325283
30.473846
9.051343
18.982243
11.491592
12.656935
3.5868845
4.5883245
16.524046
27.224787
10.466578
16.642792
12.544269
10.376839
7.0910788
9.2178955
14.522676
33.463657
11.691328
6.7246265
9.780062
7.769541
11.985004
1.8070536
13.944258
3.5284052
13.506631
5.695308
26.008429
2.8107824
9.66086
6.5776925
15.444192
23.211113
7.158828
1.7451458
11.4345665
5.62669
16.415405
14.889171
12.305006
19.49091
8.855848
6.560812
16.487402
5.4928637
28.4164
9.07395
8.162373
10.599615
18.980732
1.2701864
8.486905
12.744951
11.211673
8.086948
16.696709
30.67705
30.623772
2.1688643
9.812161
14.327158
1.2678022
26.062735
12.23234
33.46625
25.193207
2.0720873
1.616703
13.07487
20.820745
11.713659
38.933002
26.29028
15.162942
6.094014
13.568855
15.374159
36.5328
15.902548
20.26414
21.151201
16.820662
2.4207563
20.927277
35.337234
16.40548
7.3482537
12.700754
12.787218
26.146584
2.0874605
8.316968
31.250326
19.396862
11.344427
32.181007
11.569813
11.792938
26.090168
7.672825
3.6914406
8.694052
18.221695
12.59676
33.444675
23.25585
2.2003288
15.9064
15.798727
18.624931
7.0536213
26.77737
10.983728
19.931034
19.577068
16.72812
14.48249
7.4016485
13.527344
17.050283
1.1526146
17.977858
9.131258
15.101266
34.15995
14.527836
24.874695
13.6218605
37.268635
7.216753
3.5499907
19.827234
11.378706
22.151363
9.477219
17.319
32.073925
14.771051
2.6131754
9.9134655
34.75792
17.221987
5.6788187
17.569986
12.697366
11.3606415
6.642172
17.140177
13.819778
9.527263
8.444197
14.906413
11.311715
15.546465
1.2182293
7.117173
17.520248
8.101631
15.356579
20.544785
33.797646
9.305829
25.201096
10.808303
23.590397
7.202263
4.07971
23.393614
1.337635
12.175692
12.594517
34.290283
9.188242
3.5341158
6.3943996
14.517474
13.799502
4.2809343
16.72234
10.520544
20.163006
13.547411
18.032892
5.43373
17.031658
8.939927
7.37353
3.4011288
10.139624
17.513443
17.167603
5.6558867
36.505146
13.503112
1.9630775
6.47231
13.907287
14.641505
1.6195679
13.5967455
12.346953
27.870365
4.3466063
8.619152
14.516941
29.292997
11.847185
3.8200603
17.622246
2.606021
12.5657
10.318393
5.1872025
16.972359
12.815338
10.088102
7.904726
17.185137
3.0986595
7.792179
4.4346395
20.59912
26.477922
15.057923
24.561737
22.818518
6.165085
3.8559628
11.395554
15.985588
24.189596
5.324523
36.38406
11.47629
15.066839
3.3836422
12.606859
27.389906
27.661528
5.0406537
12.058256
24.565054
19.336739
12.319707
9.999718
10.123539
10.027792
7.1324596
13.357771
10.298213
29.059578
8.638954
32.14033
8.364689
15.489469
2.558051
23.093441
14.48087
6.26828
9.881664
29.354948
8.329137
1.5965242
11.283606
12.431241
29.00534
5.726865
8.14691
9.251209
29.369282
34.37166
21.051006
33.691025
12.2865925
4.340727
23.32642
9.111924
15.535206
18.639542
10.440276
9.391151
10.521979
22.153564
18.337183
15.824507
2.675109
1.7550716
12.938425
12.283767
27.061115
2.9872255
13.452578
18.667063
8.381062
15.909231
9.605984
11.383499
13.862965
2.0095177
27.9814
24.614765
18.817778
14.192926
2.3694353
10.451204
9.81765
9.638616
34.785828
2.3387098
14.961866
19.839457
7.361315
14.191677
8.763851
29.311153
8.809173
1.3862724
8.839197
4.054161
6.546589
9.780159
4.002173
5.000517
3.623271
17.89579
14.327333
11.752861
10.882677
29.428688
5.444683
13.381181
15.212564
19.74564
22.1032
28.304285
5.8706665
7.7534685
18.939157
13.265485
7.093585
17.995903
35.81362
25.022055
6.7104225
3.671917
5.926567
9.74784
1.4258308
19.258015
30.957285
26.824598
35.931
10.914543
19.759434
5.497095
23.536436
12.478942
11.015815
5.106738
14.802422
9.889268
33.194183
16.640533
25.318272
21.211365
12.805283
20.219692
12.647941
17.091904
12.500146
8.977072
13.335294
30.428053
11.715383
14.029156
27.720682
6.3481693
31.24427
11.127714
29.049004
16.379969
9.647896
7.825185
23.996063
21.461208
36.15279
11.785653
20.825
1.0978079
30.486486
5.7916155
13.103788
22.319155
29.334057
1.4409761
19.344717
1.666851
7.072082
5.6115856
3.4607353
5.8087106
15.1842375
15.304813
18.084757
7.007304
24.764582
11.441936
26.0522
17.709234
9.563757
7.371834
33.638065
4.0383177
39.977074
18.071999
11.032208
19.255348
10.90269
21.116074
2.3913374
35.227642
30.33009
18.23666
31.950783
16.92461
3.4787793
5.8936515
21.423103
3.109086
7.5820885
16.91199
15.016629
19.798183
12.117846
29.42801
15.642103
7.245151
15.558041
24.743343
14.026956
32.299816
7.95805
5.43939
1.7004948
10.747343
10.792368
9.688428
14.577616
11.107733
32.396484
21.369688
20.252426
19.743473
7.8636937
5.614708
11.799038
2.9006872
1.2462292
15.1030445
32.218555
6.4784145
6.774825
17.096577
33.88193
30.641037
7.550541
1.8532801
32.678066
17.637344
12.683709
17.492928
13.0521965
5.987185
6.198557
17.003258
16.62183
17.74731
30.09721
4.641078
9.355533
17.562662
16.725355
14.344997
11.94155
23.724955
28.159077
6.4431458
9.193595
31.328388
13.386587
7.7427177
10.598902
6.924715
14.3815565
2.4331474
34.86187
12.899187
18.707638
8.284379
20.169027
33.931572
9.079548
13.619078
27.036165
2.5664043
19.50945
4.489093
34.454124
19.804428
29.358608
2.1726208
26.18499
26.578918
18.524666
12.2990675
14.255864
32.752415
6.8076267
10.933309
17.353035
16.156874
18.998869
32.342022
13.316949
33.54238
19.881458
3.9088612
6.5033083
10.342699
25.013773
1.3677664
16.767776
4.0016794
1.3606997
11.6845255
25.688494
25.49076
10.2748785
28.428066
15.223134
20.283844
9.14453
11.061414
37.491516
10.678844
14.170475
25.469427
20.091246
19.345865
2.995716
16.548988
13.295402
2.441987
19.377684
13.950062
5.759903
24.8781
33.15203
11.000979
33.211037
10.777597
1.8670797
6.979267
21.403248
20.007147
11.194821
7.8491344
11.418683
31.78373
13.128634
3.3991709
16.554447
20.252045
22.621393
25.53892
8.642646
3.3053675
17.93406
8.59671
19.441729
9.740858
12.804019
8.37223
3.0747738
23.622747
26.8345
16.569508
8.667456
10.765956
5.1380215
7.653348
7.829811
31.370668
8.18379
13.635573
15.457463
18.844711
18.12091
13.545364
1.9318714
8.131602
14.497584
20.688162
17.004923
38.01767
18.318499
27.960876
22.186888
8.566284
22.40464
4.9610453
1.539691
13.53272
14.417362
13.03513
10.949986
25.587952
37.84895
15.43365
11.869918
1.4223843
5.580949
25.711739
12.090262
12.530052
28.54538
17.040056
32.39439
3.1503496
5.8328295
1.2517157
3.6424818
14.182006
4.7342615
27.682594
13.036821
6.255151
15.064102
10.840711
16.834995
19.261257
15.406221
1.7611914
14.821082
3.6502743
22.767595
5.575558
3.4162169
2.0488462
26.227196
8.086802
15.152258
7.837132
6.072668
12.9150095
29.14361
14.921169
15.114128
8.862589
18.867945
16.836535
10.214801
10.373793
27.94215
8.675108
12.344242
33.015656
12.118381
19.362783
5.8696365
12.196928
28.336634
17.213724
14.60579
19.488792
17.939777
17.08389
5.2855816
10.6336775
14.743867
5.551308
20.05906
1.7425547
27.056993
2.8197918
21.44388
1.2928371
18.281164
20.778336
22.503927
15.415366
8.660117
37.250374
3.0085745
29.771366
24.175152
19.850555
19.65134
5.1645784
11.168092
10.031763
9.240084
14.443889
13.264653
28.894985
3.897317
17.319763
33.15882
20.847393
17.71547
10.443993
14.43655
16.660852
3.7163258
17.869606
18.56636
9.563143
13.451255
7.603055
7.8351564
24.877298
2.1298275
12.793436
3.948885
5.446607
17.630394
4.3485627
15.600826
10.275591
11.803326
13.319749
34.074978
3.0568218
16.672081
8.021015
23.793255
4.395011
14.4879
27.639606
6.6672735
31.168737
5.355725
18.303373
25.744953
7.2840047
16.511925
5.614523
4.12706
8.079696
8.487864
15.263264
1.8754816
8.76232
16.225094
9.0121975
4.91568
3.4321156
18.091516
7.655814
10.8997345
9.85166
10.497089
2.2909088
24.853157
7.890826
17.18979
7.623308
9.308994
16.272005
5.064224
18.774872
5.7377834
10.801395
5.828787
19.821774
16.448933
2.078868
15.013058
23.409662
9.876007
5.030027
5.511385
19.896427
11.538254
23.18921
11.2505665
14.069373
3.7920456
5.551796
3.8751593
5.010914
9.859545
8.108013
22.493305
30.52441
3.4323187
33.529316
1.8201103
16.722029
16.062824
15.593909
15.691017
10.3942175
19.356607
24.680315
14.823389
17.048733
24.147587
4.22157
12.503496
7.6410646
14.326057
15.403343
8.779247
12.067773
15.531024
22.434143
21.125662
7.9046154
37.49292
7.836833
13.003262
31.033802
4.465679
32.39869
31.532787
3.2819824
17.51217
19.232464
1.4349928
12.343452
15.6195345
24.803175
13.356721
10.515768
14.729081
18.080528
10.814219
7.763637
8.18693
15.063398
4.596919
2.1501656
4.12644
12.588831
19.413643
9.853006
6.8117137
16.68758
20.026588
10.271767
14.080297
11.561904
15.259941
14.347858
36.435013
5.17405
30.240839
3.458786
7.0744696
20.599539
3.7850275
3.9213104
5.5308604
14.623566
15.259291
15.90487
14.821491
8.194014
14.9886265
12.376384
1.1554537
25.322594
2.2640142
3.9012332
18.175194
6.8757086
3.510848
3.6051903
5.3115587
14.908204
20.211325
4.81686
19.623447
3.7407947
4.337119
12.073286
4.0062304
29.204498
15.719748
8.970524
15.497808
16.135044
13.399926
2.2624912
28.820234
6.7515574
20.990128
18.221766
27.751593
4.3401666
12.153112
10.84005
31.05761
6.873418
6.556383
22.457516
8.2379265
13.899139
23.7704
19.065683
15.55544
18.049425
14.688177
30.216759
16.307373
16.504118
24.018074
18.87335
30.291662
11.26617
10.431882
1.7613344
27.899536
4.9180965
3.459012
4.501766
2.835104
9.650449
16.8078
12.379831
4.827314
1.5895863
5.11712
20.893747
30.989439
15.865913
3.233385
14.627792
16.933088
12.045545
23.0545
31.16953
10.763315
31.516731
9.13553
28.467445
5.451474
15.064686
6.1909246
6.860676
7.930379
3.7067347
3.3378263
20.833767
11.384588
11.5297
11.537528
12.6991825
6.476047
9.25224
7.267682
16.521524
15.273967
27.728563
10.777555
36.834618
8.696139
10.918612
10.862226
21.226389
2.3498135
13.295866
21.217957
35.01547
10.022075
20.674473
17.835365
22.755836
7.394116
1.1886187
9.630817
5.391531
1.3788719
26.171257
12.464226
28.99445
17.609753
21.349848
28.639452
29.701687
9.104719
9.78895
6.349388
4.064252
25.789375
7.330907
13.05994
2.9602861
5.41609
11.619424
27.861588
23.798624
5.6269345
2.5731258
6.1328745
20.236122
19.403234
12.850223
7.1327224
22.10798
15.497978
11.444809
12.849868
2.504136
8.358783
4.876583
26.639702
14.339807
11.581019
5.101076
11.981827
6.1812267
23.870014
2.1684628
10.899776
10.053238
3.6845398
8.336085
30.447197
4.531395
14.652763
16.347273
6.0545783
8.61537
3.5185251
1.2682486
16.591537
30.892809
17.15303
15.964533
29.110004
11.8943205
6.383424
4.922909
32.0013
7.778373
20.069675
12.834044
6.142837
12.595894
1.6956663
16.632345
1.1366596
21.254034
32.47825
18.10883
3.8009043
35.29787
15.995266
4.0189414
21.162683
28.83411
14.100131
4.1022997
27.123726
13.973648
14.991299
24.286327
13.519466
15.609495
1.8626413
4.9939957
10.462399
10.908063
15.315449
12.731501
8.119297
17.253506
7.913998
18.137615
2.1760483
31.310848
8.931669
28.938034
15.199032
23.571922
16.051311
32.063126
12.720165
5.0068593
29.6025
2.1365252
8.195963
21.374428
10.063665
6.448998
19.837255
1.6482353
6.397259
7.279873
8.229469
10.973801
20.065733
17.564808
5.733761
36.625683
5.1287003
16.157646
1.6031075
2.8489494
11.254824
13.81664
14.638814
16.29299
18.151417
1.8530054
10.094267
10.781858
1.4631166
10.146686
13.3046
32.399952
20.444458
33.16075
22.947569
12.297431
8.744109
13.084657
11.108031
8.62496
20.142635
9.686581
20.385056
2.3909187
7.090522
35.0635
17.904917
2.3680801
18.349106
11.901699
4.7103744
5.584257
11.015311
20.497702
6.402439
1.161129
2.1256647
21.669735
5.1877284
8.307735
30.14656
3.9545574
28.420216
7.8491993
7.6675425
28.361788
20.359617
12.763919
13.925572
27.520458
2.5482225
33.0743
27.198093
10.054989
12.449251
15.719948
13.440956
27.844213
13.365163
11.546095
7.589719
3.3642645
26.37461
3.1840477
14.93265
1.2254763
22.298733
5.3331194
8.665746
4.383129
14.081953
2.487049
8.331209
6.215276
24.6178
12.588078
25.400679
2.8434362
15.393173
1.1002502
12.236708
2.3028097
14.530268
34.036797
10.993923
22.02473
19.473053
18.177568
9.063311
16.699213
26.954638
19.894348
16.152477
14.515223
2.3500814
18.58496
17.462729
21.81557
27.259405
9.542627
30.111681
27.74883
9.694504
33.00368
12.297455
7.879447
20.668428
8.974236
21.984432
4.4238973
10.039146
5.200135
38.01396
6.6649184
2.9624557
15.760262
22.470497
4.5704756
29.721546
11.60738
11.270217
12.827841
7.55164
11.263388
31.732569
3.2117596
7.307274
37.087517
4.107557
10.950919
14.27021
3.429594
13.987423
5.5396724
19.986477
11.500164
3.2107887
4.731824
4.5542936
8.598529
11.931413
9.447573
16.848448
1.400981
24.863634
24.889324
11.79075
16.76839
15.092144
8.810767
16.779293
33.092922
12.874577
10.939783
27.223156
16.514336
14.184839
17.086536
7.6513767
9.812712
5.14443
20.377203
5.1043434
1.3469858
31.299898
13.919563
12.088675
11.085935
3.9772072
7.152029
14.24374
16.2908
14.258547
13.864464
13.382929
14.003538
28.278946
5.829855
1.2928581
3.6178408
15.1849
10.010765
13.16803
2.4148836
17.472328
10.123428
2.6345625
17.713552
32.525406
8.671967
18.020294
7.0597076
13.456099
9.571857
15.016699
6.3226376
35.56819
19.612381
20.37852
5.2119474
1.262723
3.5458164
21.155151
1.0571775
11.143154
34.565716
29.873428
13.737894
31.354837
2.1938229
19.647942
13.816651
24.838364
13.276818
13.27321
11.7827015
18.598553
18.473202
32.22976
3.954619
12.318023
7.898201
16.414959
2.859189
22.193684
5.2074385
12.669268
17.605375
6.7245617
15.283756
12.165629
1.261199
14.940092
8.049149
12.130272
23.987497
1.1015024
12.852415
5.308695
22.490011
10.20472
9.801164
4.3209066
32.693268
19.377495
17.481121
13.051197
14.4757185
17.15851
27.087116
12.221555
16.70454
7.1655927
12.802622
17.355972
5.6185374
32.36635
5.2228165
12.210882
19.405764
29.656214
7.919546
21.52203
11.160489
18.09579
8.735938
3.4140062
34.091835
4.509118
13.155441
2.933817
15.533223
4.430455
2.463749
6.2154384
30.285461
24.568352
28.819624
15.298087
2.9740696
3.778903
5.384203
4.404207
5.48806
18.280245
16.310888
30.700651
4.315812
9.189181
31.225113
20.565956
2.3224926
21.374249
8.899414
8.955942
6.8431034
30.251122
7.295578
10.176062
7.955949
10.263146
11.954447
7.4344387
24.444641
3.3658528
2.2724514
6.4806747
6.143786
22.064001
6.033928
12.19974
21.577143
29.560453
20.153652
7.4090743
32.779648
7.4494133
27.87996
12.8001
29.328512
4.169552
12.157357
9.298349
7.604271
20.012756
3.0371447
6.172708
20.5842
5.5403166
8.264454
3.5958796
13.406835
9.762125
15.43455
3.0457807
2.8640175
18.24266
20.324654
34.993084
12.496002
4.8901997
8.104843
8.853394
9.8352
2.7732363
11.502807
6.970158
12.889418
21.881725
1.4303827
4.83733
2.6388693
15.232914
10.895374
31.664122
19.699493
11.963201
12.412304
10.067853
5.9581203
1.1480227
34.95002
1.6268053
37.83839
1.6930342
14.674332
30.27788
12.044154
8.044493
20.477764
24.670654
12.700934
21.600323
36.67854
21.181683
9.975356
32.881836
9.976467
12.642146
11.389006
10.565261
4.221344
5.048317
10.455882
10.444498
1.1806612
11.103258
3.785378
2.7785025
2.0772572
30.065466
23.135593
11.938114
22.632784
23.946917
16.767609
9.243763
20.08676
8.178115
12.359696
4.9709287
8.823843
15.549828
8.251781
26.34165
1.1792822
4.009919
34.445324
1.8971586
3.3657236
17.131615
17.050537
12.416712
21.772287
6.760822
18.206179
4.899664
22.499783
7.9383965
1.2492638
17.123344
26.339308
2.9033146
3.151885
6.1046863
21.560593
9.924274
17.95009
35.801826
25.08078
28.949226
14.170851
16.252626
2.4536448
28.373169
26.692783
1.9713211
8.071225
3.7557325
17.873878
36.42361
10.868483
8.460504
14.890719
34.716164
1.7198439
32.00621
21.248652
21.650879
20.923561
10.409205
3.2891493
19.83348
1.5183353
8.708778
12.793396
4.6498775
3.8000617
8.895432
7.815261
39.530193
25.853527
22.019503
5.728177
5.414407
11.5881815
30.952574
6.4123855
30.371824
4.9351854
12.907964
1.2917213
10.35248
9.02153
9.844951
1.9289246
11.182729
6.3088217
33.385803
20.909405
7.4092693
6.10668
14.8615265
10.880578
29.927586
16.389664
29.788265
10.499822
5.2124147
14.844804
13.052912
21.88158
2.310751
2.5977945
28.068237
3.1766648
6.9886703
10.717545
10.399948
2.5434656
9.100549
20.365072
14.660084
8.528327
7.52646
13.749077
14.960229
6.9458694
11.54523
3.1092854
16.035112
5.0645037
7.33698
15.712146
8.896456
9.450078
8.233857
12.019153
10.504934
22.79136
17.60879
16.305141
7.005393
16.034485
1.6934452
1.9217806
10.779301
5.556218
6.3135357
2.8425007
1.9046307
32.374817
5.9532547
6.418261
17.152613
10.435016
15.471148
17.770134
11.315298
8.99426
4.792053
29.03321
18.773132
9.82039
6.25689
16.952755
18.60514
15.3606205
14.04411
5.638463
22.749886
9.761181
8.375576
30.143505
18.646221
11.837021
15.15628
20.09215
11.193384
9.050237
3.3401136
27.512615
22.917446
20.788448
3.7141004
21.863813
16.539581
16.900963
18.194927
20.817287
31.50738
18.016214
30.235228
4.8844347
24.089005
7.7213955
15.273791
23.989496
20.013292
2.0785503
10.79925
35.52467
10.972681
23.632298
14.693309
18.59168
16.11214
18.979805
11.23278
5.4184885
21.301325
5.9086494
6.3483944
2.2796888
1.706851
13.334292
13.262287
15.716463
5.0503445
9.536986
5.071617
11.639893
16.52972
27.069733
10.893972
22.407276
1.172616
19.735718
33.570972
6.9873443
15.131957
13.104039
31.505568
12.493513
10.510651
29.498827
12.665747
5.5202217
9.32293
15.506089
12.089099
14.266601
31.882782
4.6357617
20.98247
14.810932
22.215214
16.176474
11.044321
5.90751
14.311884
8.254101
9.363704
14.423777
11.835595
12.48781
25.435877
23.806149
11.932653
9.504962
16.54313
27.933632
7.577494
33.38799
10.89248
6.637165
35.92404
16.072794
7.17422
13.493805
21.029516
9.832186
4.169423
17.380028
5.2204685
14.115067
9.711948
2.3940887
13.264975
3.2571
9.518985
8.290913
6.15152
15.829667
16.492779
31.019537
8.870772
2.5105143
26.108973
14.499752
6.405052
5.0123367
31.95628
23.172922
8.661884
31.68018
1.8077612
12.2153225
13.590119
3.272459
4.58939
25.55555
8.133282
29.51759
20.58258
32.44759
10.852671
3.032467
29.693975
2.4881668
13.166168
32.76902
12.722691
11.988412
29.80771
24.769497
30.549536
1.7948275
5.4387035
18.841085
6.3656616
5.75362
5.040357
27.206478
18.877148
7.7491064
11.642309
11.54367
13.337322
27.410282
16.280584
4.800602
19.78936
10.490128
1.3160076
2.1540127
2.6922941
28.882002
2.1834612
4.040402
5.681961
30.677273
2.995448
9.636731
7.0103087
9.182179
3.2333078
6.1025114
33.004654
8.288444
14.792912
2.9312506
34.460773
12.669356
31.310993
7.24049
5.964085
15.190211
18.330034
10.252604
12.684773
8.498753
20.626368
13.875462
3.4766154
22.663237
21.889729
1.0825548
9.626862
11.525076
17.54263
21.06298
2.0089674
5.1238623
5.516061
36.17219
12.177465
9.3800335
15.42585
14.253941
29.739304
1.9420147
5.301481
5.4761105
2.057479
31.941761
10.907636
10.728852
7.324486
3.839395
8.38483
13.494796
5.124179
37.36463
22.99012
24.627247
1.9573631
15.213072
15.170494
16.827396
11.266939
10.967543
18.09098
16.149427
29.361046
3.405673
16.417665
10.399325
18.896103
9.300564
25.397718
9.948
4.7662315
11.908093
30.291288
4.53321
18.21899
16.541819
21.289639
16.972847
13.621826
5.367244
11.958554
7.5527134
6.1436133
18.069868
10.868748
11.494611
3.763198
25.059277
8.843427
11.223622
32.020584
28.669823
21.13622
13.52338
11.824757
24.701578
3.9404593
2.7649813
3.9516048
19.936838
2.1660461
13.528497
14.705024
5.9812307
8.813337
10.891941
30.871143
17.673721
30.86438
8.764822
12.5580845
17.34374
19.729183
17.05359
19.088896
23.249094
37.15593
23.715666
3.0235786
11.790979
4.3044415
8.589026
9.519825
1.4118986
29.286379
13.607244
17.250616
11.223558
13.610023
3.5944204
8.710535
21.283352
16.490707
3.500368
29.923431
18.417892
12.318485
19.920206
14.009438
16.124975
22.06824
7.803252
29.772
10.183069
13.757234
6.817484
25.277203
16.46383
19.412271
10.872808
9.018337
16.15728
17.72931
24.895027
11.2387
9.009979
14.740712
23.655699
7.6958222
21.996498
1.376626
37.998787
16.736298
10.488257
6.7170086
5.097536
20.737946
1.1227055
3.9239426
18.344713
17.603985
33.17922
31.554893
7.1000204
1.797162
4.3792524
22.113552
11.189596
22.127028
6.7225533
3.1016912
11.692072
13.083493
20.88383
18.800688
34.95415
5.9884605
17.070305
14.838892
3.0916023
6.4160385
1.9112206
14.202529
12.433865
19.270365
20.653137
14.112648
14.0384445
1.6281033
20.323547
24.700197
6.5895104
2.3947582
10.203089
11.418039
11.966348
20.544872
12.52754
18.908895
15.852427
3.9239492
17.3246
2.678358
16.524141
4.6964827
16.71202
23.827826
8.715242
12.122645
15.6104355
11.181895
4.316864
