29.790657
28.827932
25.086393
22.367897
21.7923
21.717371
20.69007
19.978958
21.489162
19.562443
18.471687
20.129745
18.621304
15.848202
14.745435
14.127894
12.614149
13.610154
12.329754
12.157199
12.737121
11.861883
11.517773
11.160715
11.736712
11.030283
11.649518
11.457677
12.494515
13.201695
12.727025
12.144367
12.511286
12.073318
11.591395
12.559287
12.766458
13.745632
13.175978
14.116612
13.028895
13.452607
11.699152
13.343675
12.623892
12.594761
13.222644
13.006661
13.067016
13.743106
12.621726
12.725207
11.67604
12.118125
11.82969
12.563015
12.20568
12.824791
12.976052
13.117266
13.068024
11.339098
12.652707
11.513023
12.578122
12.131543
12.586946
12.94324
10.977522
12.142278
12.813886
12.485818
11.826498
12.85212
12.891584
12.422194
12.157631
11.392491
13.2607155
13.096762
12.33583
12.420872
12.955006
12.990896
12.994071
13.979607
11.906883
12.813721
13.421091
12.597113
11.989314
12.2221775
11.726263
11.001492
11.680953
12.08912
11.688057
12.362995
13.166492
11.649697
13.101341
12.400553
12.159257
13.800987
12.856244
11.859315
13.093126
12.890217
12.591785
13.0632105
12.402393
12.454883
12.41676
11.962035
12.500036
11.136723
12.206124
12.919291
11.677973
11.070634
11.840933
11.944388
13.092118
12.447875
12.751796
13.367147
13.143399
14.342284
13.835934
12.863949
12.258186
11.713069
11.822087
12.285317
12.850561
11.936396
13.357159
13.161083
11.961157
12.937645
13.467513
12.063564
11.856692
12.385398
13.158069
13.082659
12.888344
12.093677
12.592313
11.865828
13.815402
12.230178
11.101474
11.863931
11.449784
12.460653
12.245592
12.707603
12.543265
12.677535
12.107124
11.799067
12.004864
13.581591
12.980777
13.499275
12.523991
12.453181
12.769361
12.442575
12.413303
13.965248
12.69284
13.276886
13.322121
10.835208
11.861986
12.320335
11.218824
11.930042
11.989208
12.416612
13.769276
12.51156
11.92736
12.228504
11.751244
11.184967
12.506432
11.8572035
13.263388
12.962566
12.31356
11.33472
11.77547
11.857935
12.686895
12.625851
11.887238
12.746149
12.373151
13.5376425
12.8474045
12.892215
13.045227
11.705074
12.237197
10.811089
12.955596
12.37347
12.357671
13.209419
11.445011
11.906564
12.034389
12.93375
11.369054
12.062826
11.636355
11.12902
11.673025
12.990654
12.526284
12.062031
11.605344
12.5472145
12.393314
13.165929
13.332461
14.123565
12.219921
13.447567
10.694514
10.866848
11.670501
10.910906
11.926096
12.077989
13.178241
13.177306
13.126918
12.4498
12.706829
13.887457
11.816267
12.467496
12.878742
11.804873
12.386173
12.08377
11.430381
11.565731
12.508646
13.240231
11.984685
12.870408
11.265186
11.683542
12.718681
11.915792
11.085282
11.434518
13.54101
11.712259
11.227747
12.894528
12.211437
12.434217
12.227138
12.1942
13.122481
13.695958
12.539541
12.772937
12.8414755
12.582349
13.4581375
13.759497
15.270355
13.653545
13.050063
11.545985
12.674988
12.663984
12.714306
13.598375
12.69472
12.519659
12.930804
14.209962
12.011569
12.112986
13.1371155
12.990195
13.011657
13.289594
12.611367
13.401381
12.835247
11.77451
12.301039
11.820883
12.773351
11.809617
12.579119
12.567813
12.52304
12.984091
12.935259
12.800691
11.157926
12.95631
12.83319
12.04514
11.32383
11.851152
12.069597
13.255963
13.800676
11.750586
11.769928
12.707395
12.29517
14.131984
12.424819
12.672935
13.178272
12.42132
12.049122
13.29959
12.673535
12.506682
14.620998
12.465462
12.515105
11.6127615
11.958103
13.178559
12.63947
13.387256
11.046129
12.0599
13.0095215
13.193298
12.043086
12.560868
12.841636
12.779053
13.620877
11.540128
12.108318
11.700469
13.002668
11.849076
12.095441
12.068936
12.2706785
12.739777
12.763346
12.79122
13.175097
12.676801
12.896631
12.126452
11.240078
12.521283
13.464874
12.171248
13.656709
13.438088
13.023243
13.322685
11.940399
12.035633
13.024633
11.877186
12.134426
13.190085
12.739849
13.013018
13.084731
12.448286
13.603994
12.633479
13.110265
12.813645
13.452123
12.673147
13.200203
11.963894
12.45204
11.941092
11.253903
12.036328
11.668741
11.496793
11.240539
11.169589
13.0366
12.455628
12.214398
12.701433
12.309734
12.136555
11.5946
13.846419
11.741699
12.584761
12.165156
11.340669
13.697919
14.75572
13.143533
13.218042
12.877026
11.957024
12.174891
11.410936
12.605005
12.932178
11.676519
12.961155
13.23815
12.549878
12.226453
11.768281
12.303484
12.080347
12.983045
13.655388
11.710614
13.188589
11.60989
13.675479
13.017706
13.083435
13.564597
13.60048
12.5865
13.54796
13.036511
12.103507
12.959663
13.730447
13.107308
12.9382925
11.12404
11.295738
12.632812
12.014249
10.895756
12.002425
11.983389
12.792529
10.817389
12.096968
12.255233
11.832264
11.510704
11.475412
12.139154
13.057684
11.75571
11.750308
12.5090065
12.791556
14.035833
13.828892
13.653116
11.768188
11.168335
10.731379
12.114749
11.767937
12.076001
12.289341
12.394933
12.646548
11.804125
11.870195
12.076569
12.437992
11.365868
11.592023
12.189923
12.032096
14.173439
13.327603
12.583839
13.2664175
12.672689
11.321184
13.230883
11.671752
10.269657
11.838404
13.176357
12.038366
12.420009
12.527066
12.957213
11.520526
12.413365
12.289107
12.713329
11.58571
11.902879
12.930317
11.98874
12.74737
11.825443
12.823757
12.003192
11.455305
11.884649
11.671637
13.440344
12.975275
11.112553
13.001805
12.141485
12.427864
13.0194435
13.001473
13.021968
13.213899
12.081975
12.892401
14.175659
13.299084
12.561991
12.444685
13.043541
12.3206835
12.682313
11.601646
12.499602
11.968125
12.49454
12.745976
11.812569
13.309174
13.257687
13.117257
13.089071
12.779852
12.652698
11.727967
13.378715
13.072658
13.364264
13.548276
13.051719
13.049302
12.725808
12.427211
12.383496
12.335121
13.855443
13.739719
12.339575
13.944415
13.8148575
14.960636
14.514658
12.563282
14.515872
12.455923
12.901667
12.420063
11.737278
11.821709
11.542455
12.441171
13.748396
12.439784
13.017312
11.86894
12.548668
11.91642
11.785697
12.180205
11.706018
11.280997
11.984209
12.113731
12.824864
12.905831
12.36932
11.63995
12.485039
11.851291
13.03053
11.949423
10.735133
12.511062
11.467159
12.331495
13.0886545
12.547871
12.685513
11.650387
10.96513
12.005871
12.392428
11.577278
11.918399
12.405323
11.874669
12.03881
11.890356
12.458709
12.32009
12.666257
12.990412
11.752101
11.936545
12.927448
12.704286
12.343454
11.859769
11.553161
12.965482
11.783098
12.485612
13.151401
11.714736
12.00687
11.294905
11.910354
11.518372
13.115439
12.114891
13.198078
13.280762
12.564684
12.123408
14.911238
11.765442
12.578378
12.913046
12.268951
12.279632
12.444736
13.668387
12.770983
11.54101
13.243783
11.944012
11.551709
11.950293
11.883517
12.415631
12.933372
12.288739
11.33547
12.886428
12.603301
11.878828
11.403592
12.0753565
12.319854
13.2333145
12.834642
12.849618
12.44713
12.590559
11.381239
11.461477
13.146851
11.378027
12.244824
11.603922
11.445968
12.113695
11.987135
13.010157
14.253728
13.5125475
13.8785925
13.573697
12.883622
13.273072
12.707629
12.488364
12.592125
11.51401
12.249087
10.539846
12.724025
13.0603895
11.223053
11.982166
11.3836355
12.471394
13.216925
12.460206
11.7387
11.4112425
11.897414
12.242673
12.470855
12.558058
13.101602
12.49199
11.569663
13.988028
11.598939
12.515641
12.9988985
12.714248
11.32708
12.028159
12.484885
12.683341
12.868328
13.493137
13.298448
12.821995
12.896497
12.532003
12.129833
12.759212
12.707036
11.591771
12.376487
11.075645
11.684789
12.917455
11.846444
11.95552
11.837574
11.880426
11.506525
12.430324
12.012604
11.225511
10.884749
12.257776
12.683126
12.702161
12.641876
12.422795
12.212027
11.934085
11.945728
13.067217
13.541818
12.283203
11.619534
12.198051
12.599795
11.694153
11.896101
13.127072
12.718533
13.487571
13.344878
13.645293
13.937901
12.340825
12.380185
12.960036
12.867222
12.186392
12.537058
12.847041
12.729548
13.013592
12.619545
12.451953
13.345614
13.052245
13.077312
12.585898
12.558432
12.565998
12.659855
13.074002
12.04868
12.887137
12.050978
13.236597
13.211398
13.611724
12.924309
11.611018
12.272323
12.960074
13.411795
12.078569
13.236015
12.570499
11.00742
11.2007675
12.506252
12.907213
12.4182825
11.926367
12.612396
12.718771
11.548858
12.306078
13.327032
12.625315
12.023011
12.499399
12.543977
12.685131
13.687064
14.415052
11.850085
12.649065
12.100016
11.735251
12.271468
11.444215
12.246777
12.01327
12.765744
12.745068
11.734522
12.608252
12.637827
12.710392
13.390319
13.366827
12.959679
12.296273
11.729995
11.891526
13.568867
12.713925
13.333691
12.779823
11.870456
12.586453
13.03391
12.353488
11.852276
12.798817
11.779309
11.822224
11.777205
13.058235
12.419112
11.381596
12.305467
12.392315
12.3284645
12.098523
12.450788
11.366315
11.551726
13.070403
11.747052
12.001156
12.665793
12.465219
13.306577
12.124355
11.662414
11.432853
12.57146
12.746973
12.296958
11.980762
11.764573
12.508008
11.971518
11.348262
11.825671
10.607547
11.111875
11.295625
11.215911
12.506924
11.167433
13.257574
13.97141
13.55242
13.293082
11.721367
12.280121
11.377634
12.549906
13.184033
13.455732
12.283017
11.561138
11.3417845
12.514606
11.726192
11.575087
12.253149
13.442404
11.765057
14.228398
13.048609
12.79111
13.928886
12.202153
12.904813
11.548456
13.381381
11.509186
13.022909
12.391086
12.749647
12.378634
13.668588
11.795704
12.249589
13.100619
13.557734
11.731463
13.109413
12.845197
11.865451
12.809652
12.896327
12.8325405
11.950126
14.168483
13.376464
12.456085
12.80979
13.049021
12.827285
11.953099
12.968187
12.27178
12.894661
12.821434
12.672516
13.183816
13.112675
12.89
12.202212
13.415553
12.992334
11.96117
13.189652
13.88892
13.47644
12.087748
13.387847
14.765467
13.49241
11.860187
11.502838
11.533972
12.609702
13.341871
12.657069
13.025317
13.222633
12.329446
11.653242
13.412741
12.294897
13.490444
13.826205
13.160123
12.538818
13.184695
12.576856
13.148367
12.229753
12.723868
12.265872
11.391184
12.207046
13.669455
13.18666
12.283856
12.5656595
12.094791
12.703994
12.366356
12.862945
11.533334
12.644467
12.383788
13.098061
12.352404
11.892523
12.346635
12.260595
12.572672
12.425604
11.448409
12.117518
13.675773
12.333851
11.444091
12.111681
13.014183
11.880431
12.361129
13.476837
12.89913
13.467032
13.057264
13.407601
11.539347
12.393983
13.323747
12.121095
11.155429
11.333949
12.14567
10.394132
11.984315
12.916408
13.572772
11.940502
12.019191
14.17953
13.982266
12.983878
12.431879
12.906393
12.670148
12.052694
12.395516
12.500021
13.621996
12.6657505
11.003466
12.071803
11.739501
12.134726
12.258214
12.647216
12.299687
13.342947
10.936668
11.687157
11.990623
11.883082
12.588446
11.422641
11.57085
12.304504
11.91022
12.253622
12.781045
12.526126
12.692405
12.091125
12.106342
13.294482
12.539508
12.730041
12.757399
12.152235
12.194612
12.707514
11.7441435
12.929255
12.173217
11.671497
11.328126
12.092307
12.175961
13.170658
13.147774
13.263227
12.840101
12.317034
12.465486
12.834417
12.533303
12.193421
12.1185665
12.017844
11.899092
12.097368
11.630702
12.335344
11.805913
12.989839
12.711728
12.017979
12.532877
12.312427
14.051313
12.735897
11.253854
13.111324
12.065132
13.246246
11.666167
11.835742
11.316636
12.723392
12.031125
12.731237
13.732361
12.670708
12.21336
12.641993
12.466195
13.354514
12.276648
12.06894
12.956534
12.558501
12.22028
11.77453
12.001095
13.919372
12.367973
12.521017
13.401564
12.100461
12.074499
12.113782
12.56019
11.376854
10.757687
11.880432
13.204201
12.630533
11.645374
12.635634
11.164166
11.812849
11.40631
12.98812
12.240976
12.808674
13.845855
14.297756
14.326031
13.678359
12.780125
13.796643
13.382905
11.26814
11.639127
12.617441
11.227174
11.329555
12.63567
12.144127
12.80321
12.737585
12.670676
11.408678
11.666483
12.18811
12.81568
13.827241
13.226977
14.118924
12.993369
13.317104
13.458733
12.654523
13.307512
12.14515
12.954951
11.965093
11.663388
13.582161
13.205814
13.250603
12.436958
12.3068495
12.114832
13.160444
12.342827
12.565538
13.534564
12.733002
13.199763
12.181902
12.2999935
12.189997
12.824063
11.770094
12.18019
11.736445
12.283155
12.189536
11.886052
12.077078
11.077057
12.3364525
11.702115
12.217997
12.118137
11.862435
11.861891
12.8205595
12.823215
12.346021
12.306784
11.395573
13.5961
11.427712
12.087342
11.530604
13.475722
13.742754
12.0727005
11.733033
12.72692
12.216871
12.549682
12.47315
12.233656
13.195521
12.7863245
11.528969
12.374631
13.100064
12.305398
12.175418
11.98323
12.026756
12.41121
12.352628
11.3925085
13.095189
13.531327
13.4781
12.618955
11.557682
12.5747595
13.298334
12.910928
12.596287
13.041936
13.029597
13.622522
12.730886
13.646145
11.96629
10.816353
12.999006
11.799953
12.715989
13.742894
13.815892
14.409209
11.628777
13.168743
13.123291
13.131471
12.237757
13.7488985
12.631619
13.326203
11.593933
13.06007
11.780414
14.20109
14.18358
12.8665285
12.927363
13.08776
13.125968
12.352172
12.7612705
13.190797
11.744603
12.20998
12.661298
13.972582
12.200265
12.441781
12.681579
13.492334
12.183986
13.156743
10.437904
11.787025
12.7822075
12.249689
11.60452
12.136447
12.323348
12.720133
12.630903
12.273799
11.800511
12.751963
12.560285
12.523162
11.296521
12.572184
12.6834135
13.072309
12.717438
13.225862
13.606192
13.100193
12.075758
13.303281
12.416677
13.7942505
12.995186
13.250782
14.638123
12.744349
12.761208
13.106577
12.8493395
12.988158
13.925425
13.285979
13.150697
13.534083
12.138113
11.522654
10.257596
12.544747
13.471318
12.72354
12.559226
12.941577
13.182206
12.600417
11.529581
12.100071
12.103908
12.180185
11.968873
12.009533
11.926343
12.048029
13.122625
12.458689
12.79101
11.348346
12.491529
11.851758
13.118129
12.930201
12.224351
12.121098
12.858593
12.516049
12.936265
12.899231
12.064685
12.395787
11.468309
11.22614
11.501911
11.677648
12.153221
12.626238
11.053968
13.06637
11.771392
11.203785
10.7671175
12.288904
12.470327
12.052474
11.686054
12.758297
13.365486
13.410824
13.044999
12.18433
13.642208
12.3101425
12.157616
11.763397
11.780839
11.788849
13.253299
13.765085
11.925342
12.087181
11.986864
11.816509
12.484745
12.828455
11.149115
13.162156
14.029262
13.130935
12.160139
11.713162
13.090838
12.050085
11.911007
11.618073
11.525459
12.876008
10.605216
11.401131
11.609097
12.68539
11.62343
11.943762
12.428196
12.982236
12.029011
12.565248
12.032894
13.074123
12.01705
10.914918
12.434243
13.137037
13.281616
13.190526
13.050227
11.568967
11.494462
12.186376
11.631654
13.123169
13.034039
12.819768
11.465527
12.761994
12.7887745
12.79772
12.517725
13.375574
12.1849
12.565007
12.610968
12.703673
11.582685
12.448106
13.074865
12.935931
12.262478
12.1496315
12.934689
13.148969
12.511813
11.804531
13.144105
11.697284
12.553751
12.922049
12.249195
12.744506
11.969161
13.459834
12.90785
12.994218
13.316373
12.305394
11.684944
11.870549
11.86424
13.412656
12.246807
11.820352
11.265477
12.095424
10.989915
10.233788
11.73813
12.601681
13.182173
12.048938
12.982117
12.080924
11.685587
10.641535
11.54498
11.262779
11.3838005
11.004952
11.754146
11.658146
14.255505
13.74911
13.309015
11.962569
12.59415
12.811629
13.612265
13.317711
12.724364
12.69284
13.00377
12.60778
11.799753
12.390429
11.759427
12.154501
11.877619
11.865024
13.390641
13.845851
12.492762
11.464043
11.75511
11.476189
11.350709
12.350075
11.300102
12.081766
12.123573
11.93736
12.324079
12.826587
12.646869
11.830777
11.881671
12.3958435
12.881574
12.385824
11.630942
13.013844
12.471936
11.966691
11.747653
11.482575
12.6280575
12.422805
13.004158
12.376692
12.567596
12.277363
12.169826
12.422691
12.650952
12.578594
12.1070595
11.937869
12.404198
12.58151
12.962944
13.683782
13.637534
13.098058
13.342609
13.284795
12.516581
13.516664
12.956311
11.863247
12.045197
11.855612
12.296148
12.262137
12.833031
12.932351
12.904907
13.321397
12.158852
12.839429
11.819669
11.776394
12.980822
12.776632
12.507992
11.849827
13.16174
11.71311
11.735926
11.83281
11.619519
12.07295
11.389317
12.593605
13.915585
12.815996
12.569788
12.725259
12.947332
12.594626
13.661273
13.72743
13.055558
10.989161
12.533749
12.356056
13.455042
11.778778
11.902732
12.798426
13.845175
12.343006
11.710001
11.7588415
12.004782
11.975689
11.8494
11.367132
10.698678
11.278516
11.626029
10.899109
12.311593
12.753492
13.365753
12.276625
12.597034
13.602833
12.988382
13.068908
11.988592
12.938657
12.756491
12.294578
12.876068
11.929486
12.753293
12.306365
12.055598
11.647108
11.489924
11.696798
12.141293
12.230655
12.375642
12.403476
11.446632
11.857306
10.821882
11.166176
13.14217
12.532644
13.189427
11.3792305
12.12848
11.896681
11.837551
12.426759
12.706793
12.148318
11.896542
11.293129
11.939831
12.50493
13.175687
12.841544
14.098278
13.057795
13.474685
12.439493
11.659207
12.365691
12.184483
13.504701
13.104679
12.820971
12.531327
11.908422
12.062765
12.516889
12.527967
12.95512
12.860795
12.944222
12.719059
13.200351
13.546652
12.818275
12.801506
12.837974
12.402268
13.101846
12.562766
13.041418
12.27815
13.62033
14.109348
12.751087
11.314927
11.582303
11.154636
13.507556
12.40658
11.987779
11.340794
12.192733
11.6605015
11.235981
12.1558
13.595253
11.497598
10.936509
13.217983
12.45129
11.660478
11.854018
12.746134
12.279959
13.677478
12.408639
12.228798
11.049893
14.022622
13.431598
12.303095
11.934175
13.192566
12.028271
12.652627
14.326193
13.88964
12.984533
13.039829
13.518978
13.737719
13.381657
13.819991
13.580803
13.026909
12.486734
12.83425
11.73287
12.002042
13.096213
12.712844
12.179257
12.744702
11.892779
11.9167595
11.835021
12.639682
11.772941
12.561219
12.63891
12.636499
12.221835
11.77018
12.35339
13.715589
13.1286545
12.146444
11.5925865
13.410492
13.107386
12.560516
12.738945
12.7596035
12.262415
13.130765
11.465687
12.051628
13.173725
13.602774
12.099689
12.816729
13.622621
13.277483
14.313854
14.012206
13.608459
12.666797
12.101738
12.5240135
12.27237
11.704307
11.85293
12.130276
12.280376
11.086518
12.526685
12.085184
12.774968
13.77425
12.385063
11.532915
11.99387
11.238696
12.83814
11.845337
13.596096
11.479235
10.624229
12.423618
12.016801
13.279816
13.241572
14.034206
12.347382
12.939875
12.968106
12.765206
11.6536
12.677474
12.859666
12.629409
12.364618
12.23511
13.02723
12.991564
12.319071
12.622198
13.505277
13.222771
12.859165
12.521963
13.433798
11.359689
12.194374
12.12132
12.1361885
12.980995
13.808422
12.3773775
12.422992
11.452884
13.344038
13.775205
13.410275
13.552415
13.934589
11.148626
12.523707
12.146345
11.594862
11.391471
12.016732
11.651933
12.262771
13.003744
11.850856
12.678727
13.650608
12.077013
11.258337
13.002642
12.182444
12.915122
12.69148
13.195517
12.376881
12.896663
13.886153
13.613164
12.51318
12.422564
11.798951
12.434667
13.38688
13.8555765
11.667728
11.610526
12.841467
13.168452
14.34512
12.677635
13.00375
13.0518265
12.879769
13.122477
12.997284
11.63294
11.4462595
10.912536
12.395739
11.651722
13.333118
11.895799
11.927694
11.609705
12.175512
12.909455
11.970199
11.521477
12.178937
13.556392
13.337196
12.766968
12.469692
12.717337
12.034782
12.912034
11.487471
11.918107
12.179857
11.463658
12.218889
13.271282
11.953704
12.652065
13.527561
12.570383
13.344325
12.806947
12.305359
12.36183
12.985839
12.865337
11.619793
11.431465
12.282535
12.482275
11.984594
13.109161
12.301153
13.13185
12.502991
12.858049
11.728128
12.44354
11.989398
12.800026
12.600752
11.2403555
11.175089
12.27309
13.283011
13.185006
12.186815
13.024544
13.11567
12.728686
12.876289
13.244654
13.237414
13.935779
13.178764
11.790078
13.800249
12.57229
13.284948
12.043443
13.190176
12.488757
12.484671
13.156619
13.351084
13.450395
13.42309
13.862707
12.347699
12.152244
11.962785
11.543396
12.249258
12.529255
12.755673
11.461505
11.769271
11.611647
11.963899
13.074035
11.855883
13.205667
13.020515
12.203983
12.646387
12.874073
12.223494
12.319742
13.080995
11.422874
12.882859
13.618462
12.305459
12.317221
12.5232935
11.920948
11.826339
12.40772
12.16578
12.747371
11.985771
12.12101
12.008575
12.868943
12.054852
11.5457535
11.444096
12.907058
13.874563
13.931811
12.757244
11.872092
11.928815
12.075558
13.043613
13.410303
12.960758
12.156151
14.209131
13.518485
13.244831
13.327297
12.841928
11.800032
12.027238
12.529603
12.024784
12.791925
12.493274
12.610493
13.737223
12.906556
12.236034
12.897467
13.772653
10.999249
12.077411
12.7464075
13.579801
12.696878
13.768543
12.79889
12.751012
12.79412
11.6931095
11.085118
11.900435
12.895036
11.234764
12.657648
12.223673
12.90859
13.082049
13.746646
12.269257
12.190691
13.141338
13.200487
12.561383
13.0014925
11.751965
12.601632
12.492616
11.2654295
9.718973
11.825867
13.7550955
12.583854
13.123554
12.907925
12.931043
12.234932
12.598074
13.037724
13.510568
13.425667
12.339513
12.550807
12.923117
12.0882435
12.787815
12.647102
13.84866
13.725402
12.489306
12.607881
13.069309
13.819228
13.079945
13.269631
13.434793
11.653258
13.179647
12.491183
12.621505
13.605967
13.072301
12.882308
14.319393
12.304914
13.617248
13.987094
12.214708
10.358054
12.181616
12.2575655
11.250683
11.2280245
12.123065
12.372005
12.619398
13.720982
13.44386
12.556758
11.910087
10.722257
12.755185
10.457847
10.915514
12.880047
13.578447
12.318744
13.241364
11.288203
12.201682
13.9331
13.538117
12.58275
12.755999
12.397785
12.921128
12.8053465
13.021243
12.081557
12.903051
12.513362
12.271381
12.070554
12.449602
12.382434
13.098125
11.831518
12.248338
12.57659
12.747749
12.884177
12.122617
13.032657
12.076133
12.562796
12.4747715
11.473359
12.245536
12.860897
12.641786
12.05556
12.449694
12.693171
12.443097
13.104972
12.549399
11.816253
11.244621
12.098242
12.291308
12.915637
13.076408
11.658882
11.208377
12.323125
12.053401
14.159724
11.490657
11.6024
11.909641
13.017117
11.516389
12.629886
12.143401
13.185046
13.217376
13.373138
13.838238
13.051444
13.318552
12.531863
11.195025
11.909041
12.689426
12.294153
12.47834
13.030708
12.691028
13.926186
13.407524
13.724669
12.934637
13.365182
12.73636
12.288153
12.337721
12.093047
12.547119
12.660672
13.208855
12.043901
12.480854
11.420631
11.835633
12.283623
11.679876
11.919131
12.4823265
11.594487
11.737636
13.556087
12.58937
12.142584
12.879869
11.906369
12.398959
13.853939
12.79527
12.1423435
12.588942
11.6718
13.136613
11.360883
12.647412
12.4703245
12.840765
12.318403
13.060238
12.518891
13.889396
13.203601
13.028494
13.323071
13.353062
11.782453
13.0055065
13.409713
12.053027
11.623766
12.027912
11.953266
13.603384
12.7542515
12.322418
12.466308
13.706508
10.8918705
11.556658
10.753384
12.042972
12.285052
12.189601
12.500954
11.327248
12.145225
11.850255
11.935282
10.856571
12.028616
12.025625
11.887005
11.918266
13.079185
11.8208275
11.966089
10.820282
12.029489
11.883346
11.620611
12.646899
12.665622
11.176225
11.731795
11.7448635
13.734021
12.576904
12.903727
12.604707
12.919115
12.781129
12.168544
12.477904
12.802704
12.091072
12.145049
12.716491
11.929876
13.168043
13.350141
14.333151
13.228312
13.4594345
13.2037
12.919415
11.757398
12.9414625
10.8631115
11.634094
12.304492
12.029008
12.604007
13.101526
11.556087
11.498326
11.957671
11.218013
10.795816
11.087561
11.546656
11.278667
12.046635
11.765911
12.21833
11.094835
12.2923355
11.22982
12.060565
12.794808
12.928614
11.524609
11.731272
11.398228
12.783322
12.239799
11.843489
13.365234
13.119194
13.876925
12.03252
12.144323
13.1005
12.543574
12.152292
11.7326565
12.5505905
12.322698
11.969421
12.37475
11.828131
12.761793
13.587908
13.44583
13.17468
13.581646
12.604234
12.368251
12.156759
12.473454
12.68532
13.542933
12.568637
12.72223
13.777255
12.431147
12.51916
12.284913
12.165764
12.803217
13.559384
13.282649
13.307325
12.982075
13.180258
13.0555105
13.193872
11.888649
12.285056
11.34619
11.358879
10.816904
12.651052
12.860149
11.531064
12.985409
13.104688
12.559953
12.931562
12.591724
12.781078
11.536053
12.324115
11.643303
11.807138
12.290776
12.336437
12.806971
12.412524
11.974034
13.084465
11.925942
11.750036
13.078566
11.878003
11.892299
11.987456
12.413602
12.48087
12.638917
12.421098
12.029171
12.00112
12.0925255
12.000605
13.798467
12.126381
11.641208
12.319225
12.234448
12.675425
12.275673
12.427147
12.275343
12.495941
12.533708
12.068803
12.756151
12.276969
12.854284
11.695691
12.88183
12.671932
12.509958
12.558612
14.066825
12.630435
12.801924
12.058247
10.338101
12.097391
10.944305
13.440225
12.153783
12.842643
11.85154
11.772714
12.684648
13.502145
13.50558
12.93706
13.20438
11.603055
12.087996
13.021812
12.076625
12.877089
12.703762
11.263178
12.565563
12.990192
13.813746
13.248414
12.62004
12.080742
13.456156
12.602353
12.529797
12.908103
12.888541
12.845133
13.026381
13.9264145
12.364316
11.936559
13.074532
13.275725
12.380138
12.446521
13.963706
13.680237
13.036586
12.716017
13.233303
13.013723
11.770642
11.678644
12.117077
13.605364
13.235967
12.018222
12.119828
14.489538
13.476318
13.592794
12.269693
11.7182865
14.093839
13.432096
12.361556
12.791825
12.725634
12.324926
13.9217415
13.9644785
12.770141
14.001988
12.111606
11.093572
11.81785
12.555576
12.650762
13.452612
12.864407
13.4982605
12.962258
12.141718
13.213758
13.073855
11.472036
13.175787
12.706128
12.352988
13.827644
14.717838
14.162009
13.844841
13.423624
12.044917
12.654636
11.046776
13.350964
14.209309
14.386768
13.255779
13.020805
13.460952
13.262342
12.278925
13.280068
12.016762
11.149824
