1.3672237
1.3672237
1.3672237
1.3672237
1.3672237
1.3672237
1.3672237
1.3672237
1.3672237
1.3672237
1.3672237
1.3672237
1.3672237
1.3672237
1.3672237
1.3672237
1.3672237
1.3672237
1.3672237
1.3672237
1.3672237
1.3672237
1.3672237
1.3672237
1.3672237
1.3672237
1.3672237
1.3672237
1.3672237
1.3672237
1.3672237
1.3672237
1.3672237
1.3672237
1.3672237
1.3672237
1.3672237
1.3672237
1.3672237
1.3672237
1.3672237
1.3672237
1.3672237
1.3672237
1.3112497
1.1956539
1.1956539
1.1956539
1.1956539
1.1956539
1.1956539
1.1956539
1.1956539
1.1956539
1.1956539
1.1956539
1.1956539
1.1956539
1.0821991
0.5056305
0.16805935
0.076426506
0.076426506
0.076426506
0.076426506
0.076426506
0.076426506
0.076426506
0.076426506
0.076426506
0.076426506
0.076426506
0.076426506
0.076426506
0.076426506
0.076426506
0.076426506
0.076426506
0.076426506
0.076426506
0.076426506
0.076426506
0.076426506
0.076426506
0.076426506
0.076426506
0.076426506
0.076426506
0.076426506
0.076426506
0.076426506
0.076426506
0.076426506
0.076426506
0.076426506
0.076426506
0.076426506
0.076426506
0.076426506
0.076426506
0.076426506
0.076426506
0.076426506
0.076426506
0.076426506
0.076426506
0.051158905
0.051158905
0.051158905
0.051158905
0.051158905
0.051158905
0.051158905
0.051158905
0.051158905
0.051158905
0.01002121
0.01002121
0.01002121
0.01002121
0.01002121
0.01002121
0.01002121
0.01002121
0.01002121
0.01002121
0.01002121
0.01002121
0.01002121
0.01002121
0.01002121
0.01002121
0.01002121
0.01002121
0.01002121
0.01002121
0.01002121
0.01002121
0.01002121
0.01002121
0.01002121
0.01002121
0.01002121
0.01002121
0.01002121
0.01002121
0.01002121
0.01002121
0.01002121
0.01002121
0.01002121
0.01002121
0.01002121
0.01002121
0.01002121
0.01002121
0.01002121
0.01002121
0.01002121
0.01002121
0.01002121
0.01002121
0.01002121
0.01002121
0.01002121
0.01002121
0.01002121
0.01002121
0.01002121
0.01002121
0.01002121
0.01002121
0.01002121
0.01002121
0.01002121
0.01002121
0.01002121
0.01002121
0.01002121
0.01002121
0.01002121
0.01002121
0.01002121
0.01002121
0.01002121
0.01002121
0.01002121
0.01002121
0.01002121
0.01002121
0.01002121
0.01002121
0.01002121
0.009667397
0.009667397
0.009667397
0.009667397
0.009667397
0.009667397
0.009667397
0.009667397
0.009667397
0.009667397
0.009667397
0.009667397
0.009667397
0.009667397
0.009667397
0.009667397
0.009667397
0.009667397
0.009667397
0.009667397
0.009667397
0.009667397
0.009667397
0.009667397
0.009667397
0.009667397
0.009667397
0.009667397
0.009667397
0.009667397
0.009667397
0.009667397
0.009667397
0.009667397
0.009667397
0.009667397
0.009667397
0.009667397
0.009667397
0.009667397
0.009667397
0.009667397
0.009667397
0.009667397
0.009667397
0.009667397
0.009667397
0.009667397
0.009667397
0.009667397
0.009667397
0.009667397
0.009667397
0.009667397
0.009667397
0.009667397
0.009667397
0.009667397
0.009667397
0.009667397
0.009667397
0.009667397
0.009667397
0.009667397
0.009667397
0.009667397
0.009667397
0.009667397
0.009667397
0.009667397
0.009667397
0.009667397
0.009667397
0.009667397
0.009667397
0.009667397
0.009667397
0.009667397
0.009667397
0.009667397
0.009667397
0.009667397
0.009667397
0.009667397
0.009667397
0.009667397
0.009667397
0.009667397
0.009667397
0.009667397
0.009667397
0.009667397
0.009667397
0.009667397
0.009667397
0.009667397
0.009667397
0.009667397
0.009667397
0.009667397
0.009667397
0.009667397
0.009667397
0.009667397
0.009667397
0.009667397
0.009667397
0.009667397
0.009667397
0.009667397
0.009667397
0.009667397
0.009667397
0.009667397
0.009667397
0.009667397
0.009667397
0.009667397
0.009667397
0.009667397
0.009667397
0.009667397
0.009667397
0.009667397
0.009667397
0.009667397
0.009667397
0.009667397
0.009667397
0.009667397
0.009667397
0.009667397
0.009667397
0.009667397
0.009667397
0.009667397
0.009667397
0.009667397
0.009667397
0.009667397
0.009667397
0.009667397
0.009667397
0.009667397
0.009667397
0.009667397
0.009667397
0.009667397
0.009667397
0.009667397
0.009667397
0.009667397
0.009667397
0.009667397
0.009667397
0.009667397
0.009667397
0.009667397
0.009667397
0.009667397
0.009667397
0.009667397
0.009667397
0.009667397
0.009667397
0.009667397
0.009667397
0.009667397
0.009667397
0.009667397
0.009667397
0.009667397
0.009667397
0.009667397
0.009667397
0.009667397
0.009667397
0.009667397
0.009667397
0.009667397
0.009667397
0.009667397
0.009667397
0.009667397
0.009667397
0.009667397
0.009667397
0.009667397
0.009667397
0.009667397
0.009667397
0.009667397
0.009667397
0.009667397
0.009667397
0.009667397
0.009667397
0.009667397
0.009667397
0.009667397
0.009667397
0.009667397
0.009667397
0.009667397
0.009667397
0.009667397
0.009667397
0.009667397
0.009667397
0.009667397
0.009667397
0.009667397
0.009667397
0.009667397
0.009667397
0.009667397
0.009667397
0.009667397
0.009667397
0.009667397
0.009667397
0.009667397
0.009667397
0.009667397
0.009667397
0.009667397
0.009667397
0.009667397
0.009667397
0.009667397
0.009667397
0.009667397
0.009667397
0.009667397
0.009667397
0.009667397
0.009667397
0.009667397
0.009667397
0.009667397
0.009667397
0.009667397
0.009667397
0.009667397
0.009667397
0.009667397
0.009667397
0.009667397
0.009667397
0.009667397
0.009667397
0.009667397
0.009667397
0.009667397
0.009667397
0.009667397
0.009667397
0.009667397
0.009667397
0.009667397
0.009667397
0.009667397
0.009667397
0.009667397
0.009667397
0.009667397
0.009667397
0.009667397
0.009667397
0.009667397
0.009667397
0.009667397
0.009667397
0.009667397
0.009667397
0.009667397
0.009667397
0.009667397
0.009667397
0.009667397
0.009667397
0.009667397
0.009667397
0.009667397
0.009667397
0.009667397
0.009667397
0.009667397
0.009667397
0.009667397
0.009667397
0.009667397
0.009667397
0.009667397
0.009667397
0.009667397
0.009667397
0.009667397
0.009667397
0.009667397
0.009667397
0.009667397
0.009667397
0.009667397
0.009667397
0.009667397
0.009667397
0.009667397
0.009667397
