39.110527
39.14936
39.24316
39.349285
39.464577
39.58131
39.71409
39.879814
40.02921
40.174828
40.311268
40.4329
40.506836
40.562626
40.562508
40.530376
40.47303
40.346638
40.171276
39.927467
39.642403
39.309486
38.93441
38.526806
38.13218
37.777744
37.39485
37.021103
36.64356
36.249733
35.818207
35.429478
35.03556
34.630505
34.24019
33.90635
33.593765
33.307938
33.040104
32.79439
32.579056
32.368786
32.180164
32.00892
31.874798
31.780506
31.710987
31.706238
31.75627
31.863201
31.964561
32.07374
32.25802
32.453217
32.68258
32.87206
33.044872
33.181835
33.249683
33.219902
33.14946
33.045822
32.94186
32.820934
32.651752
32.48012
32.33547
32.128952
31.849184
31.591408
31.340883
31.05044
30.786934
30.491999
30.22123
29.950317
29.638273
29.297325
28.97708
28.672312
28.38324
28.117954
27.882322
27.70833
27.589241
27.506182
27.465334
27.46801
27.5232
27.608135
27.711811
27.831898
27.926949
28.005465
28.081308
28.17033
28.244036
28.332636
28.360218
28.41458
28.45338
28.48867
28.517145
28.512268
28.519238
28.50952
28.501114
28.486544
28.425043
28.356062
28.31816
28.324497
28.286901
28.26586
28.214516
28.154709
28.122974
28.100235
28.113764
28.098604
28.055696
28.052353
27.985168
28.009764
27.977192
27.930368
27.900816
27.85668
27.79216
27.73025
27.633429
27.55432
27.502996
27.462116
27.42729
27.382156
27.344402
27.302454
27.236034
27.171816
27.072927
26.979568
26.835024
26.668922
26.514463
26.360027
26.175283
26.038652
25.906504
25.75851
25.623188
25.486689
25.331472
25.192677
25.101967
25.033464
24.977293
24.924116
24.8979
24.870787
24.835657
24.862236
24.849241
24.82967
24.82795
24.82654
24.84387
24.861513
24.953886
25.056683
25.154322
25.242273
25.322285
25.366184
25.389856
25.395237
25.36111
25.334349
25.307722
25.252308
25.183462
25.155472
25.09037
25.069378
25.061064
25.074236
25.078594
25.097874
25.14808
25.179401
25.248884
25.323606
25.406519
25.5066
25.648525
25.781399
25.890152
26.037487
26.17567
26.29226
26.433456
26.582985
26.683186
26.7255
26.685816
26.594402
26.514568
26.382898
26.230156
26.103376
26.00375
25.890121
25.71906
25.547354
25.353056
25.154692
25.007717
24.85426
24.719038
24.635828
24.561094
24.53228
24.578667
24.61372
24.697817
24.845299
24.967962
25.064732
25.100237
25.105644
25.074574
24.990574
24.881826
24.80045
24.746946
24.74358
24.78723
24.889467
25.002258
25.147467
25.272846
25.407297
25.521935
25.62452
25.698383
25.776169
25.812202
25.79663
25.723774
25.605799
25.462786
25.310762
25.13809
24.932863
24.75115
24.586662
24.459255
24.311651
24.174517
24.061125
23.958315
23.8541
23.772966
23.71466
23.654804
23.62337
23.619331
23.591768
23.55425
23.562157
23.589764
23.622509
23.650513
23.718483
23.8217
23.954199
24.099451
24.26795
24.40419
24.561977
24.705477
24.840553
24.986822
25.133339
25.281261
25.472692
25.71127
25.96302
26.194738
26.354893
26.476439
26.54839
26.562986
26.508015
26.410667
26.25122
26.120398
25.968262
25.804766
25.626305
25.450151
25.29124
25.146091
25.031319
24.942453
24.90971
24.893255
24.892107
24.905193
24.929981
25.017466
25.087507
25.139004
25.179453
25.215462
25.217339
25.178238
25.100822
24.930166
24.719551
24.518898
24.359234
24.287273
24.208714
24.160168
24.161325
24.158058
24.158415
24.21605
24.302578
24.398106
24.555641
24.736372
24.919966
25.126099
25.363157
25.598274
25.826605
26.01783
26.174622
26.284971
26.340399
26.311497
26.245438
26.13357
25.985662
25.828579
25.633572
25.449173
25.27061
25.063953
24.917639
24.846874
24.825722
24.842209
24.963255
25.119822
25.275373
25.373604
25.467657
25.533283
25.556002
25.520422
25.478682
25.406425
25.259426
25.100935
24.889526
24.628428
24.368826
24.07104
23.800726
23.567717
23.337685
23.13298
22.983574
22.864887
22.795923
22.787498
22.859098
23.002357
23.19181
23.398724
23.59834
23.84082
24.075794
24.294855
24.528189
24.751238
24.98225
25.202332
25.35937
25.528477
25.679161
25.82161
25.942442
26.071392
26.185308
26.26459
26.32116
26.341064
26.349709
26.309597
26.24639
26.142136
26.00852
25.856174
25.714756
25.546642
25.370335
25.183083
25.006243
24.855698
24.757574
24.65854
24.585844
24.522703
24.492432
24.449245
24.420937
24.402668
24.38678
24.353256
24.344057
24.354603
24.385017
24.43206
24.512623
24.580225
24.647564
24.744844
24.863226
25.006798
25.167673
25.312466
25.425562
25.547667
25.646692
25.683924
25.672453
25.647028
25.613352
25.556229
25.461712
25.33654
25.228388
25.11051
25.000195
24.913868
24.831846
24.7766
24.696096
24.608278
24.50717
24.357922
24.21334
24.040068
23.8666
23.70643
23.563745
23.402067
23.264471
23.1553
23.07054
23.00926
22.993216
23.030073
23.088064
23.164114
23.254429
23.384436
23.561274
23.769426
23.993826
24.227024
24.460068
24.660242
24.849424
25.01184
25.1717
25.328848
25.409407
25.50972
25.601439
25.647917
25.66177
25.648405
25.587925
25.497126
25.371834
25.259926
25.19355
25.151196
25.099087
25.035706
24.935247
24.848537
24.736494
24.619417
24.505344
24.362799
24.200489
